Sample is RA 0.1 g/L

4.8940471210912575 mg/m2 at equilibrium.
where A is: 4.29890653
where B is: 0.00754014
where C is: 4.89633123
in -a * np.exp(-b * x) + c

Data for plotting is:

0.280017
0.805483
1.32938
1.85588
2.38213
2.90788
3.43517
3.96245
4.48972
5.01622
5.54428
6.07157
6.59885
7.12613
7.65263
8.18068
8.70797
9.23525
9.76253
10.289
10.8171
11.3444
11.8701
12.3989
12.9255
13.4535
13.9808
14.5081
15.0354
15.5619
16.0899
16.6172
17.1445
17.6718
18.198
18.7264
19.2536
19.7809
20.3082
20.8347
21.3628
21.8901
22.4174
22.9447
23.4711
23.9992
24.5265
25.053
25.5811
26.1068
26.6356
27.1629
27.6902
28.2175
28.744
29.272
29.7993
30.3266
30.8539
31.3804
31.9084
32.4357
32.963
33.4903
34.0168
34.5448
35.0721
35.5994
36.1267
36.6532
37.1813
37.7086
38.2359
38.7631
39.2896
39.8177
40.345
40.8722
41.3995
41.926
42.4541
42.9814
43.512
44.0388
44.5666
45.0939
45.6212
46.1485
46.675
47.203
47.7303
48.2576
48.7849
49.3114
49.8395
50.3668
50.8941
51.4214
51.9479
52.4759
53.0032
53.5305
54.0573
54.5843
55.111
55.6396
56.1669
56.6942
57.2207
57.7488
58.2761
58.8033
59.3306
59.8571
60.3852
60.9124
61.4397
61.967
62.4935
63.0216
63.5489
64.0761
64.6034
65.1299
65.658
66.1853
66.7125
67.2398
67.7663
68.2944
68.8217
69.349
69.8762
70.4027
70.9308
71.4581
71.9854
72.5126
73.0391
73.5672
74.0945
74.6218
75.1491
75.6756
76.2036
76.7309
77.2574
77.7855
78.312
78.8435
79.3707
79.898
80.4246
80.9526
81.4799
82.0072
82.5342
83.061
83.589
84.1151
84.6434
85.1706
85.6974
86.2252
86.7525
87.2798
87.8071
88.3338
88.8616
89.3889
89.9165
90.4437
90.9705
91.4983
92.0256
92.5528
93.0801
93.6173
94.1547
94.682
95.2093
95.7361
96.2639
96.7912
97.3187
97.846
98.3727
98.9005
99.4278
99.9551
100.481
101.009
101.537
102.064
102.591
103.119
103.646
104.173
104.704
105.231
105.758
106.286
106.813
107.34
107.868
108.394
108.922
109.449
109.977
110.504
111.031
111.559
112.086
112.613
113.141
113.667
114.195
114.722
115.25
115.777
116.304
116.831
117.359
117.886
118.413
118.94
119.468
119.994
120.522
121.05
121.576
122.104
122.632
123.159
123.686
124.213
124.741
125.268
125.795
126.323
126.849
127.377
127.904
128.432
128.959
129.486
130.014
130.541
131.068
131.595
132.122
132.65
133.177
133.705
134.235
134.762
135.29
135.816
136.344
136.871
137.399
137.926
138.453
138.981
139.507
140.035
140.563
141.09
141.617
142.144
142.672
143.199
143.726
144.257
144.784
145.311
145.839
146.366
146.893
147.421
147.948
148.475
149.003
149.529
150.057
150.584
151.112
151.639
152.166
152.694
153.221
153.748
154.275
154.802
155.33
155.857
156.385
156.912
157.438
157.966
158.494
159.021
159.548
160.075
160.603
161.13
161.657
162.185
162.711
163.239
163.766
164.297
164.824
165.352
165.879
166.406
166.934
167.46
167.988
168.515
169.043
169.57
170.097
170.625
171.152
171.679
172.206
172.733
173.261
173.787
174.315
174.841
175.369
175.897
176.424
176.952
177.479
178.006
178.534
179.061
179.588
180.116
180.642
181.17
181.698
182.225
182.752
183.279
183.807
184.334
184.861
185.389
185.915
186.443
186.97
187.498
188.025
188.552
189.079
189.607
190.134
190.661
191.188
191.716
192.243
192.77
193.298
193.824
194.356
194.883
195.41
195.937
196.465
196.992
197.519
198.047
198.573
199.101
199.628
200.156
200.681
201.21
201.738
202.265
202.792
203.32
203.846
204.374
204.902
205.429
205.956
206.482
207.011
207.538
208.065
208.593
209.119
209.647
210.174
210.702
211.229
211.756
212.284
212.811
213.338
213.876
214.403
214.93
215.457
215.985
216.512
217.039
217.567
218.093
218.621
219.149
219.676
220.203
220.729
221.258
221.785
222.312
222.84
223.366
223.894
224.425
224.952
225.478
226.007
226.534
227.061
227.589
228.115
228.643
229.17
229.698
230.225
230.751
231.28
231.807
232.334
232.861
233.388
233.916
234.443
234.971
235.498
236.024
236.552
237.08
237.607
238.134
238.66
239.189
239.716
240.243
240.771
241.297
241.825
242.352
242.88
243.407
243.933
244.462
244.989
245.516
246.043
246.57
247.098
247.625
248.153
248.682
249.21
249.738
250.265
250.792
251.32
251.847
252.374
252.901
253.431
253.959
254.487
255.014
255.541
256.068
256.596
257.123
257.65
258.178
258.704
259.236
259.763
260.293
260.824
261.352
261.881
262.413
262.94
263.47
263.998
264.529
265.056
265.582
266.111
266.638
267.165
267.695
268.226
268.754
269.283
269.815
270.342
270.872
271.404
271.931
272.461
272.992
273.52
274.048
274.577
275.108
275.638
276.169
276.697
277.224
277.755
278.285
278.815
279.347
279.874
280.404
280.935
281.466
281.997
282.527
283.057
283.589
284.119
284.65
285.181
285.71
286.241
286.768
287.299
287.831
288.358
288.888
289.416
289.947
290.476
291.008
291.535
292.065
292.596
293.124
293.653
294.185
294.712
295.242
295.774
296.301
296.83
297.362
297.89
298.419
298.951
299.478
300.005
300.536
301.067
301.596
302.128
302.655
303.184
303.717
304.244
304.771
305.302
305.833
306.362
306.891
307.421
307.951
308.482
309.01
309.539
310.071
310.598
311.128
311.66
312.187
312.717
313.248
313.776
314.31
314.84
315.37
315.902
316.429
316.959
317.49
318.018
318.547
319.079
319.606
320.136
320.665
321.195
321.724
322.256
322.783
323.313
323.841
324.372
324.902
325.432
325.961
326.49
327.022
327.549
328.079
328.607
329.138
329.667
330.199
330.726
331.256
331.788
332.314
332.845
333.38
333.909
334.441
334.968
335.498
336.03
336.557
337.087
337.618
338.146
338.675
339.207
339.734
340.264
340.795
341.323
341.852
342.384
342.911
343.441
343.973
344.501
345.034
345.565
346.099
346.628
347.159
347.691
348.218
348.748
349.279
349.807
350.336
350.868
351.395
351.925
352.457
352.984
353.514
354.045
354.573
355.102
355.634
356.161
356.691
357.223
357.749
358.279
358.811
359.338
359.868
360.4
360.927
361.457
361.988
362.516
363.045
363.577
364.104
364.634
365.166
365.693
366.223
366.751
367.282
367.811
368.343
368.87
369.4
369.931
370.459
370.988
371.52
372.047
372.577
373.108
373.636
374.17
374.7
375.23
375.762
376.289
376.817
377.347
377.878
378.407
378.939
379.466
379.994
380.524
381.055
381.584
382.116
382.644
383.173
383.705
384.232
384.759
385.29
385.821
386.35
386.882
387.409
387.939
388.47
388.998
389.528
390.059
390.587
391.116
391.648
392.174
392.705
393.237
393.764
394.293
394.825
395.352
395.882
396.414
396.941
397.471
398.002
398.53
399.059
399.591
400.118
400.648
401.18
401.706
402.236
402.768
403.295
403.859
404.391
404.918
405.448
405.979
406.506
407.036
407.568
408.095
408.625
409.156
409.684
410.213
410.745
411.272
411.802
412.334
412.861
413.391
413.922
414.45
414.979
415.511
416.038
416.568
417.099
417.627
418.156
418.688
419.216
419.745
420.277
420.803
421.334
421.865
422.393
422.922
423.454
423.981
424.511
425.04
425.57
426.1
426.631
427.159
427.688
428.216
428.747
429.277
429.807
430.336
430.865
431.397
431.924
432.454
432.982
433.513
434.043
434.574
435.102
435.631
436.163
436.69
437.219
437.752
438.279
438.808
439.34
439.867
440.396
440.923
441.453
441.98
442.51
443.041
443.569
444.098
444.63
445.157
445.687
446.216
446.746
447.275
447.807
448.334
448.864
449.392
449.923
450.453
450.984
451.512
452.041
452.573
453.1
453.638
454.165
454.694
455.226
455.753
456.283
456.815
457.342
457.872
458.403
458.931
459.46
459.992
460.518
461.049
461.581
462.108
462.638
463.169
463.696
464.226
464.758
465.285
465.812
466.343
466.874
467.403
467.935
468.462
468.992
469.52
470.051
470.581
471.112
471.64
472.169
472.701
473.228
473.758
474.29
474.817
475.346
475.875
476.406
476.935
477.467
477.994
478.524
479.055
479.583
480.112
480.644
481.175
481.706
482.236
482.765
483.297
483.829
484.367
484.895
485.427
485.958
486.488
487.019
487.548
488.08
488.613
489.145
489.672
490.202
490.733
491.261
491.79
492.325
492.855
493.386
493.914
494.443
494.975
495.503
496.032
496.564
497.092
497.621
498.153
498.68
499.209
499.741
500.269
500.798
501.33
501.857
502.387
502.919
503.446
503.975
504.507
505.035
505.564
506.096
506.623
507.152
507.685
508.212
508.741
509.273
509.801
510.33
510.858
511.389
511.918
512.45
512.978
513.507
514.039
514.566
515.095
515.628
516.155
516.684
517.216
517.744
518.273
518.805
519.332
519.861
520.393
520.921
521.45
521.982
522.509
523.038
523.571
524.103
524.635
525.163
525.692
526.224
526.751
527.28
527.813
528.34
528.869
529.401
529.929
530.458
530.99
531.517
532.046
532.577
533.106
533.635
534.167
534.694
535.223
535.752
536.283
536.812
537.344
537.872
538.401
538.933
539.46
539.989
540.521
541.049
541.578
542.11
542.637
543.167
543.699
544.226
544.755
545.287
545.815
546.344
546.876
547.403
547.932
548.465
548.992
549.521
550.053
550.58
551.109
551.642
552.169
552.698
553.23
553.758
554.287
554.819
555.346
555.875
556.404
556.935
557.464
557.996
558.524
559.053
559.585
560.112
560.641
561.174
561.704
562.233
562.766
563.294
563.827
564.358
564.888
565.419
565.948
566.48
567.011
567.542
568.072
568.601
569.134
569.664
570.195
570.726
571.254
571.787
572.318
572.848
573.379
573.917
574.444
574.973
575.505
576.036
576.563
577.094
577.624
578.155
578.686
579.214
579.746
580.274
580.803
581.336
581.865
582.397
582.927
583.456
583.989
584.519
585.05
585.581
586.111
586.642
587.173
587.703
588.234
588.763
589.296
589.826
590.357
590.886
591.416
591.949
592.479
593.01
593.541
594.07
594.602
595.133
595.663
596.194
596.721
597.252
597.781
598.312
598.844
599.375
599.905
600.436
600.965
601.497
602.026
602.559
603.089
603.618
604.151
604.681
605.212
605.743
606.271
606.804
607.335
607.865
608.396
608.925
609.457
609.988
610.519
611.049
611.578
612.111
612.641
613.172
613.703
614.232
614.764
615.295
615.825
616.356
616.885
617.417
617.948
618.479
619.009
619.538
620.071
620.601
621.132
621.663
622.193
622.724
623.255
623.785
624.316
624.845
625.374
625.905
626.433
626.966
627.497
628.024
628.555
629.085
629.616
630.146
630.675
631.208
631.738
632.269
632.8
633.33
633.861
634.392
634.922
635.453
635.982
636.514
637.045
637.576
638.106
638.635
639.168
639.698
640.229
640.76
641.289
641.819
642.348
642.877
643.41
643.94
644.471
645.002
645.53
646.063
646.594
647.124
647.655
648.184
648.716
649.246
649.778
650.308
650.837
651.37
651.9
652.431
652.961
653.49
654.023
654.554
655.084
655.615
656.144
656.676
657.207
657.737
658.268
658.797
659.33
659.86
660.391
660.922
661.451
661.983
662.51
663.039
663.572
664.102
664.633
665.164
665.692
666.222
666.752
667.281
667.813
668.344
668.871
669.402
669.933
670.463
670.994
671.523
672.055
672.586
673.117
673.647
674.182
674.712
675.241
675.773
676.304
676.835
677.365
677.894
678.427
678.958
679.488
680.019
680.55
681.08
681.611
682.142
682.672
683.203
683.734
684.264
684.795
685.326
685.856
686.387
686.918
687.448
687.979
688.51
689.039
689.568
690.098
690.629
691.16
691.69
692.221
692.752
693.282
693.82
694.358
694.888
695.419
695.95
696.48
697.011
697.542
698.071
698.603
699.134
699.664
700.195
700.726
701.256
701.787
702.318
702.848
703.379
703.91
704.444
704.974
705.505
706.036
706.567
707.097
707.628
708.158
708.689
709.22
709.75
710.281
710.812
711.342
711.873
712.404
712.934
713.465
713.996
714.526
715.057
715.588
716.118
716.649
717.18
717.71
718.241
718.772
719.299
719.83
720.36
720.891
721.422
721.952
722.483
723.013
723.544
724.075
724.606
725.136
725.667
726.198
726.728
727.259
727.79
728.32
728.851
729.382
729.912
730.443
730.974
731.504
732.035
732.566
733.096
733.627
734.158
734.688
735.219
735.75
736.28
736.811
737.342
737.872
738.403
738.934
739.464
739.995
740.524
741.056
741.587
742.118
742.648
743.179
743.71
744.24
744.771
745.302
745.832
746.363
746.894
747.424
747.955
748.486
749.016
749.547
750.078
750.608
751.139
751.67
752.2
752.731
753.261
753.792
754.323
754.853
755.384
755.915
756.445
756.976
757.507
758.037
758.568
759.099
759.629
760.16
760.691
761.221
761.752
762.283
762.813
763.344
763.875
764.405
764.936
765.467
765.997
766.528
767.059
767.589
768.12
768.651
769.181
769.712
770.243
770.773
771.304
771.835
772.365
772.896
773.427
773.957
774.488
775.019
775.549
776.08
776.611
777.141
777.672
778.203
778.733
779.263
779.795
780.325
780.856
781.387
781.917
782.448
782.979
783.509
784.04
784.571
785.101
785.632
786.163
786.693
787.224
787.755
788.285
788.816
789.346
789.877
790.408
790.939
791.469
792.0
792.531
793.061
793.592
794.147
794.678
795.209
795.739
796.27
796.801
797.331
797.862
798.393
798.923
799.454
799.984
800.515
801.046
801.577
802.107
802.638
803.169
803.699
804.23
804.761
805.291
805.822
806.353
806.883
807.414
807.945
808.475
809.006
809.537
810.067
810.598
811.128
811.659
812.19
812.721
813.251
813.785
814.323
814.854
815.384
815.915
816.445
816.976
817.507
818.037
818.568
819.099
819.629
820.16
820.691
821.221
821.752
822.283
822.813
823.344
823.878
824.419
824.95
825.479
826.01
826.542
827.072
827.603
828.134
828.664
829.195
829.726
830.256
830.787
831.316
831.845
832.376
832.906
833.437
833.968
834.498
835.029
835.56
836.09
836.621
837.152
837.682
838.213
838.744
839.274
839.805
840.336
840.866
841.397
841.926
842.458
842.989
843.52
844.05
844.581
845.112
845.642
846.173
846.704
847.234
847.765
848.296
848.826
849.357
849.887
850.418
850.949
851.48
852.01
852.541
853.072
853.602
854.132
854.667
855.198
855.728
856.259
856.79
857.32
857.851
858.382
858.912
859.443
859.974
860.504
861.035
861.565
862.096
862.627
863.158
863.688
864.218
864.749
865.28
865.811
866.342
866.872
867.403
867.934
868.464
868.995
869.525
870.054
870.587
871.118
871.648
872.179
872.71
873.24
873.771
874.302
874.832
875.363
875.893
876.424
876.955
877.485
878.016
878.547
879.077
879.608
880.139
880.669
881.2
881.731
882.265
882.795
883.326
883.857
884.391
884.921
885.452
885.983
886.513
887.044
887.575
888.104
888.636
889.167
889.698
890.228
890.759
891.289
891.82
892.351
892.881
893.412
893.943
894.474
895.004
895.535
896.066
896.596
897.127
897.658
898.188
898.719
899.25
899.78
900.311
900.841
901.372
901.903
902.434
902.964
903.495
904.026
904.556
905.087
905.617
906.148
906.679
907.209
907.74
908.271
908.801
909.331
909.863
910.393
910.924
911.454
911.985
912.516
913.047
913.577
914.108
914.639
915.169
915.7
916.231
916.761
917.292
917.823
918.353
918.884
919.414
919.945
920.476
921.006
921.537
922.068
922.599
923.129
923.66
924.191
924.721
925.252
925.783
926.313
926.843
927.374
927.905
928.436
928.967
929.497
930.028
930.559
931.089
931.62
932.151
932.681
933.212
933.75
934.286
934.818
935.348
935.879
936.41
936.94
937.471
938.002
938.532
939.063
939.593
940.124
940.655
941.186
941.716
942.246
942.778
943.308
943.839
944.373
944.904
945.434
945.964
946.496
947.026
947.557
948.088
948.618
949.149
949.68
950.21
950.741
951.271
951.802
952.333
952.864
953.394
953.924
954.456
954.986
955.517
956.048
956.578
957.109
957.64
958.17
958.701
959.231
959.762
960.293
960.824
961.354
961.885
962.416
962.946
963.475
964.008
964.538
965.069
965.6
966.13
966.661
967.191
967.722
968.253
968.784
969.314
969.844
970.376
970.906
971.437
971.968
972.498
973.032
973.562
974.097
974.627
975.158
975.689
976.22
976.75
977.28
977.812
978.342
978.873
979.404
979.934
980.465
980.996
981.526
982.057
982.587
983.118
983.648
984.18
984.71
985.24
985.771
986.302
986.833
987.364
987.894
988.425
988.956
989.486
990.017
990.547
991.076
991.609
992.139
992.67
993.2
993.731
994.262
994.793
995.323
995.854
996.385
996.915


0.6738589306975826
1.8418774864856264
2.357034048123947
2.755814258583792
3.0302107354792303
2.8849916493164565
2.755688582178632
2.632992503197807
1.7976393918691866
1.473789249543153
0.12086479421991653
0.3452959231780369
0.7262031534468648
1.8911426373084803
1.1135737416953673
1.0135712307320675
0.9233176180547769
1.4173695205122432
1.2336485699399904
0.8217710826852213
0.7381065043927657
0.5936594304331194
0.3319113860284606
0.6820727814634193
1.0468934318717236
0.3460320278368332
-0.46927569686871334
-0.19419697663097552
-0.08863777318237195
-0.010018204868495756
-1.2549956050450823
-0.6068464760888723
0.25767253812303065
1.5993310014122508
1.6740276705079078
1.8414017115232335
2.2534946440439922
1.823582592648714
1.9592233413610534
0.5948802869403914
0.8993942166438976
0.6225290960756662
1.3904747698079303
1.5268965076094803
2.0501412436084774
1.2030912497138617
1.1605856941114177
0.9250501570687729
2.2231976535142666
2.3265126354421497
1.4216514951737778
0.6232921313927112
0.27865152089872464
1.2546724371460987
1.100198181431874
0.335134088132215
-0.4537636377174941
-0.6982760608430204
-0.4890607537953842
-0.3009590828146852
0.7299734456016751
1.1694638344473876
0.885201759746862
0.6624582853723232
-0.19930482481213507
0.2916949363771515
0.326731722758638
1.4154035824600921
1.5674630558180218
1.2625631200129517
0.7626223802851151
0.3543625781217472
-0.3607271903545102
-0.1700311992958585
-0.5295016255987655
0.18618061735896232
0.46897048274189534
1.4493092811951356
1.4587888728986582
1.4650098549540953
1.7940845449803653
2.2439791447961372
2.6184768784017876
2.7946572446644202
2.664824541247705
1.9229208140418805
0.9523668214189812
0.3019285865116364
1.082612461595509
2.021352369940676
2.5400278709234865
2.067726963444842
1.2553546804883977
0.6071427133296075
0.9216568941294437
1.3348539836383961
2.040688582563203
2.1904769037421636
2.3856972453865875
2.125062334856206
1.336622430196724
0.7497046412118485
0.5792066438396802
1.0620553924657103
1.489633453479439
1.5411069182786816
1.7448104172714285
1.954995228016016
2.207434241552727
2.293423833340649
2.4085254666953553
2.3795031939894
2.4056887706931644
2.470896871199216
2.373201419959217
2.4349983037537726
2.216438058293857
2.2546436854626006
2.1838250311547487
2.24292884912444
2.2945190134427604
2.411496815988789
2.5038689737816395
2.122055078018441
1.6220425232019413
1.4989245305752215
1.9610187185776293
2.36187258972262
2.3668098770682047
2.501552937172256
2.6712519916830484
2.6228665756963174
2.6493842971851493
2.602650628237668
2.6710006388727274
2.645479351739095
2.6534687803528603
2.6826167294639762
2.6668622943885194
2.6339350762365097
2.5911691909376624
2.670300441758263
2.700965484617386
2.680866236677814
2.7405086678124793
3.1722968883990794
3.39632405748347
3.5866160886683915
3.0965948080621395
2.7514245612892627
2.1731066291717878
1.9113944923114607
2.057636943487683
2.219337592498628
2.4521441561720763
2.559911673597069
2.8492636427065885
2.9371294036858324
3.014375508429028
2.972561173054966
2.9186998565576774
2.8899109828898752
2.8310674946165872
2.8351430008982157
3.010820661540207
3.2252964238324116
3.3985054408016104
3.0672493674572
2.824119384788437
2.5991137351210125
2.631843461779199
2.306880185578888
2.3383082637550565
2.7667660596049073
3.325532333833866
3.512565755370703
3.8387229574200363
3.5725044237461026
3.6181788201358036
3.0142139244795363
4.552825268427176
4.992881201096111
5.470388702502826
4.355414566578529
3.7210449577595424
3.4081107089102933
3.3537377099062797
3.8082284753964877
4.221784640348755
3.912441145932659
2.982651193012125
2.458131739189359
2.115232644595451
2.526849802153816
2.1514723337120434
2.747977437033436
3.437088097185835
4.378682655305358
4.462419048686478
4.382282386624595
3.3008638508781076
3.158050570185546
2.322311452755361
2.8504216610112802
2.888699103268687
2.9771304080711527
2.8260763459545055
3.010398747894311
3.1464434564803807
3.427761112545721
3.533113847614419
3.5705025781496196
3.8118910449183034
3.69592763049964
3.228662756113492
2.451803034500927
2.493644300533238
2.731998579805907
3.436746975514685
3.0130828368330933
3.536713578933654
3.0984799541395445
3.3435220135439607
3.5509329664889377
3.634651406097891
4.178426280568438
3.4903479623155715
4.095219523466209
3.6010419446035824
4.364597921041318
4.02135770477626
4.6200890758462085
3.785184808821731
3.6639878698167476
3.3676249526764983
3.515187006106904
3.568859807996452
3.723369971255009
3.221535108563684
2.4949908334456703
2.0816949981898056
2.5141205776882902
2.9447687337423645
3.2476668239509525
3.031323869353508
2.842872099815577
2.3258573227581
2.4971183554473124
3.3245628301369154
3.6680364454401273
3.9697854942301056
3.6089505812426017
3.9767695116025874
3.697031787487835
3.658718437686096
3.4823226261574747
3.743271727700757
3.5939412277120235
3.665469056020423
3.7034592379231777
3.796244332475841
3.7085581092182545
3.7429395829156906
3.7368801848097455
3.7380112724561885
3.7175439721872188
3.7461802387916108
3.7069422697233354
3.696475220550696
3.813973682489532
3.9247035723218757
3.9399283711184423
3.9614998283756067
4.067319361520613
4.000073507873748
4.348538271839042
3.990477216651149
4.466027756891796
3.6268235614336186
4.235779605751968
3.0918909197547095
2.988683660459821
1.9631552174653555
2.5417155255070685
2.985451981469984
3.5851528562368826
4.180356311076257
3.745309480841571
3.5261118764697708
2.8030685869240806
3.2563564496791817
3.4623939390534777
3.3181084490433235
2.7960845695515983
2.697958227779621
3.459225098266221
4.465237790916501
4.674345375331144
4.267108938181224
4.232126013116235
3.6621745388280056
3.2218941840069997
2.8097832977140755
3.3928948869998092
3.468947065893981
4.134098417091169
4.513012778649597
4.768746309378726
4.366097061017158
4.21229607175915
4.204064267221147
4.161064982884145
4.021402589206675
3.8921982678157607
3.7665667470858346
3.844423280082666
3.912916920895052
3.6762772268642125
2.9671301569748225
2.030445955542635
1.8433137882588875
2.1590218949077467
3.3886937043130203
3.862960549843816
4.131908056886946
3.7916930512318197
3.7756782864599594
4.051789348597229
4.00313462602801
4.094896355567226
3.9494079628219647
3.7669976376178127
3.816882193580385
3.640764665520333
3.8515060432020594
3.7460725161586166
3.9666884685315122
3.8808425069209163
3.7432986583590058
3.7053713146588314
3.7125079390947215
4.157420367134495
4.375989589480494
4.49899985947422
4.3254676746060365
4.229477831721785
4.056322676069084
3.8664166509857254
3.9007263095944986
3.955171123687175
3.9884574172825
3.9775864082361294
3.898957863036171
3.9149905815801964
3.8533642586212165
3.936176032735798
4.055918716195355
4.1708138811701545
4.215967618167048
4.2532935104996685
4.074608593019914
3.911929463425935
3.783389431605154
4.348295895914805
5.075172315817886
4.989954736233091
4.335764162943102
3.244246630353375
3.5969305307776236
3.5143701094733615
4.43028179650976
4.411547035254787
4.8449421184502235
4.353457605412461
4.323241406857482
4.220276523486832
4.2576562771359505
4.271669196311328
4.164610852886884
4.076709184363307
4.136863298004696
4.2164972544459385
4.2420005878074045
3.880896368237414
4.052579314572522
4.027300403363127
4.070254803269716
4.381196183408566
4.178498095657101
4.84383796146203
4.82811045704482
4.583858363615698
4.183255845281028
2.9406752736885706
3.6287894994857686
3.7154433808438245
4.254927303766753
4.127904365693981
4.157851257666474
4.228355720961425
4.245286128113739
4.154987631006035
4.047552258366109
4.024580406880014
4.053925847484954
4.074052026082774
4.132931421900395
4.124403380121657
4.076377039578241
3.993969225337389
3.923716114852758
3.841667376055221
3.7997722487064136
3.788147181229082
3.908958114132501
3.941831470968013
4.061071448806929
4.026294992121845
4.0590157418939485
4.0710627230171745
4.046762292390815
4.0367171568640705
3.975943638082963
4.02858409807298
4.030783435163285
4.03157340113858
4.054652975257668
4.1207497874859245
4.15441311029673
4.171469193854205
4.127410636959423
4.104627300081069
4.11407098424026
4.372434742591673
4.391546533062128
4.918076809367459
5.292520681656612
5.30092304703019
5.2615234940124225
4.128451955745036
4.905572007054005
4.264658248280598
5.19992410171169
4.618266767971382
4.5640284222586125
4.105228751448622
3.840338796914955
3.441379048733452
3.3879127152238104
3.3266005832777297
3.5355016993124653
3.7284419118918364
3.706358772127948
3.4475192388141433
3.363091625204643
3.4199781523118626
3.7731019201541725
3.842277804308858
3.903545051824524
3.828668845007209
4.00063905169697
4.049796479886829
4.061933229870885
4.039051147245619
4.01322464598517
4.01017250471699
4.117957975914148
4.142536690009078
4.190221908881344
4.2378712202092785
4.353017737994399
4.425613815746663
4.22765552384696
4.2307884570898855
4.129618950935811
4.203678261119584
4.129035453340424
4.128101857187804
4.193731871339751
4.23846369469075
4.319417253386175
4.306562352515488
4.317810390777339
4.347550814369925
4.408566709075271
4.4091053222402445
4.36289231268557
4.329318758735593
4.351006915511835
4.471790917757006
4.41831560736128
4.344319135380088
4.448468967713679
4.530795989979786
3.937019860027589
2.803687992063799
2.1438150498833455
2.309618135834167
3.2220557679564914
4.0029999727367676
4.507617670113785
4.302917736765838
4.00381686937031
3.9001338351130284
3.7483077607932533
3.7948170075886627
4.251183942270192
5.006220853815273
5.416383755828211
5.172688229336227
5.039713615790503
5.159420391705728
5.441734482126268
4.899817823074879
4.632171964513766
4.411107167836726
3.8898283698898806
3.748038454210767
3.6110332188138297
4.000549282836141
3.617846675350737
4.602332795174268
4.75440124541828
5.0109965572113655
4.1130835267711445
4.33572825539877
4.280601197963795
4.292396826276701
3.4793153693197096
3.71044325529566
3.8417750986882155
3.6152433783867006
3.4010279457909
3.4645035072829553
3.719895916340934
4.332703044788839
4.8099771471574
5.835667174101357
5.813072351830745
6.219877898448686
5.67866143651176
5.99848095698658
5.337441019615351
5.6732393973177
4.601569759857223
4.3894459417187335
3.5522166611987904
3.6583593622427815
3.7728774980021
3.3588365812013565
3.494755613382266
3.891471140043048
4.314533827357087
4.1712537485882155
3.679499928967967
3.2339321882441436
3.94546710983158
4.850956632125754
5.807605428206269
5.541297125671507
5.314828243572572
5.821833792647637
6.074129176007022
5.094266152516174
4.413450135104358
3.27725464048013
4.050873706216775
3.7371315376200664
4.335117827145135
3.9953696195663184
4.181855451052098
4.332523507067182
4.468029602488277
4.313474554799307
4.354121894982595
4.239226730007794
4.407767766213895
4.314704388192662
4.823604060231214
4.602781639478412
4.983302863645676
5.038124706953833
5.384758186158219
4.14864994943152
2.810860524044021
2.2473634308493837
1.8835302379101964
2.4306445140035753
3.4890732444918013
4.737255392999977
5.3370909210581186
5.397101404522181
5.354272681020754
4.246713453000918
3.8332560337955606
3.2241114748694715
3.679419136993221
3.8062086760278397
4.958751080208995
5.633184531615882
5.609359875951914
5.1677240113323935
3.9339766956454914
3.5615526227249865
2.5178818929570177
2.7763803045996736
2.9450829247552655
3.8684005428100425
4.513695021991896
4.560267106989885
4.5819283331078795
4.430955062965977
4.8922592849930915
5.209798676402859
5.229404195607873
5.076626571363312
4.677972037308628
4.560356875850714
5.066348036798413
4.541236108494176
4.581281997309911
3.523553463936149
3.7910646692060186
4.125175392324785
3.8950529175901183
4.105964856107419
4.229127733164552
4.554845067795825
3.709321144535299
2.5177203090075264
2.046074714212932
2.9484313032641802
3.158526345147939
4.658231864812371
4.335405087499787
4.91633529346738
4.091969890704206
3.7897271131796697
4.193695963795419
4.968535886039336
4.991139685196032
5.0238424811959685
4.025145950703236
3.7617282054871617
2.5058079811755425
2.636762795352618
3.3687650172090233
4.0756947962359416
3.4959764698895377
3.6285830311058627
3.7909479696869406
4.704750088493863
4.520759831339124
4.700728443528732
4.377237376646015
4.296571078305241
4.385244759031945
4.42871981833134
4.5071778026957245
4.5076625545442
4.526702529925992
4.555590149340705
4.478469721002669
4.4887841631119
4.457329154277483
4.425838237898735
4.457481761340892
4.456404535010947
4.604666785555818
4.742982646320856
4.625564976356765
4.678474742929269
4.460857070508056
4.630690778310091
4.651867252579608
4.733799291858068
4.637414465986169
4.3433855392274685
4.439707526896786
4.544871747357743
4.429707275800457
4.399284608865572
3.970880674332217
3.9213462169268767
3.1706900257902433
3.3936130378864395
3.2473436560519686
3.8343153063533415
3.732984216249775
4.062310259086366
3.8319274546552946
4.402273911931172
4.457670275948633
4.241497882186763
3.100813944521094
3.2690048821699613
3.3611705715829063
3.698432181716764
2.73200755669199
2.571734232568224
2.8358791055570123
3.840195166737629
5.003312342724419
5.447165498206412
5.074005320627111
5.191063915147886
5.328033243000491
5.6875575306198956
5.789687563584839
5.813162120691574
6.555550599745873
5.62741239386459
4.421789662275355
3.1465332253412086
2.9586469996264992
3.610234275952453
4.001779116229495
4.182250434039745
3.9078449802582242
4.577053883964873
5.087210320055029
5.4677494979944585
5.167643219357648
5.681848231071183
4.525984379039361
5.084508277344082
4.988563318890244
5.723186791482853
5.885174700848449
5.870901451976668
6.37475611403664
5.306048848983514
4.95375095466083
4.073055591727575
4.061430524250244
4.1025805700541715
3.9396052032194584
4.621983198809696
3.5998659725267257
4.226551366858765
3.6701101061252728
4.149197539482575
4.137357026739255
4.263221946507337
4.367766761828575
4.450443882651913
4.572691117328593
4.667145912692672
4.6131499429041405
4.554315431516935
4.479430247813537
4.464043865067479
4.076394993350407
3.2978117096099284
2.253449759613577
2.772789550166521
3.5148458844357546
4.6501795979960265
4.316401019662327
4.441736303151519
4.4542411054649715
4.987908006206195
5.652421998491497
5.846681813325053
5.586693238592639
4.6526302878966534
4.602171211224776
3.9662126935691195
3.7730480588376754
3.7768901660811487
4.066798702127806
4.8709302036601665
4.69156304283811
4.928893957097332
4.240339863882071
4.3603159463797825
4.421735800958858
4.889530311623896
4.949415118682799
5.01534137007548
5.629925921967796
5.123961691678346
4.67031475347993
4.30784604722534
4.304228362133939
5.062595698415769
4.699516563907543
4.631579490032295
4.090605404019608
4.012461610668124
4.314336335863263
4.298770415395547
4.751627387618671
4.272809260843854
4.31519811692722
3.2768327268342343
3.7129208758545347
3.9457723239583977
4.694184293574311
5.395144443356114
5.575032263570976
5.338661876122623
4.784527675112431
5.242339888453305
5.335448150904951
5.784032125352624
4.887420743394419
3.9046851163570495
2.9476503141749695
3.7182351924156007
4.472823259656537
5.739129741166049
6.038365261852821
6.47781076626812
5.491565176772344
3.9980357547329337
2.9062489155607203
3.1249079067675476
3.5664809331844887
3.9241559822708187
4.1411811802105625
5.122256083322599
5.643184782712213
5.134150457382416
4.10911574312251
4.163533626556937
4.561362287091997
4.914360378529146
4.810668367385783
4.694642114764538
4.59143485546965
4.808837082624874
4.6462836294360566
4.836584637507062
4.915823610960656
4.924423467828056
5.16534513652043
4.282899280801012
5.4144806559786405
4.486530964705096
5.579502752840251
5.365996494244998
5.921225875357302
5.55408021145353
5.235463593713817
5.55270674788285
5.166377478419961
4.985520154508148
4.520589270503549
4.853173922988226
5.208066137388863
5.612331225245349
6.001362537419184
5.338850390730364
4.627539891295
3.2532055626640903
3.5821455993991167
3.6233046220891287
4.305933970489686
4.400272066334689
4.543453399356648
4.63950608044348
4.677846360903468
4.727865570157284
5.0479633741006715
4.980439236985236
5.374210345010834
5.018546118407069
4.799429306010014
3.8978267753897278
4.150795425205329
5.134778839408219
6.3393871828700865
7.095510297631196
6.380770627712171
5.821690162470311
4.789016118153873
4.448747251182249
3.5469831366124702
3.5960507959415002
4.389329242199655
4.810578598524954
4.827625705196345
4.782606621490695
4.808549822270223
4.7245530991927
4.684722655642955
4.810147707992975
4.6439945234849205
4.4497167548792005
4.199405263344132
3.8427176717269185
3.8100507832713126
3.4995672243226905
3.9042542258250705
4.47685388150775
5.748761939932981
6.682842844401133
7.03150509986025
6.305544322337624
5.982071209227071
5.095011234061054
4.8419258847263755
4.284847265080998
4.027542779287366
4.161226566833637
4.115318771405781
4.320090519842391
4.278608329253396
4.4669613530444146
4.847850629541077
5.486394490388604
5.458916242088905
5.335277590069377
5.255508980336892
5.44429289465989
5.506906675087988
5.494958439711673
4.910715762779496
4.755631078811636
4.953257225926272
5.18951989074163
5.035323918495974
4.373924905681431
4.337577493931844
3.867404108454843
3.693791131611914
2.932093370593336
3.2289949008985595
3.823498158623469
3.967613087798048
4.266534417471919
3.984157488848799
4.6101337091802925
4.6617059197264465
4.869664462722479
4.762758726361444
4.841432155991817
4.904692272217883
4.795308915297972
4.622378181797342
4.439393335883886
4.640726936950752
4.727075604181989
4.8803379802750255
4.832356524162024
4.804402500899931
4.73679757180975
4.793199347068494
4.766322550136347
4.749338281667536
4.7072815703692354
4.736968132645325
4.671499702442871
4.766304596364182
4.7111416313848755
4.71520816078042
4.640726936950752
4.7527584752651135
4.855202699242957
4.952772474077796
4.972530600346218
4.999802380266012
4.920859644053152
4.870795550368923
4.792921063599926
4.771897196393818
4.700279599224588
4.698933066312156
4.801745342619397
4.828209202791733
4.745011422575588
4.732084706616237
5.023456475094404
4.858802430562193
4.068701801977377
3.6555495968988394
4.15341667594153
4.504780974111595
4.378853216140934
3.3886218892243574
3.4855453282612294
3.0571144630696265
3.3502367243339566
3.8387768187365334
4.643841916421512
4.672460229253738
4.881442137263219
4.904306266116318
5.255598749197721
4.538309643631157
3.8023665687843664
4.464681223979364
4.659811796762958
5.627241833029014
5.047918489670257
4.647693000551068
3.4643419233334627
3.461666811280764
3.1301504082399507
3.698602742552339
3.8514252512273126
4.9284092052488555
4.430407472914921
4.567224193704119
3.829036897336607
3.591885520799044
4.572296134340947
5.6214607183916385
6.462550059927222
5.763501986881073
5.100684626065434
4.071592359296065
4.641938816571941
4.70474111160778
5.832534240858433
5.813135190033325
6.3507878281953465
6.239770678008351
6.700078465680265
6.349979908447887
6.2643224614450315
5.690483995482915
5.542006299672055
4.90050904330326
4.584971497489975
4.360701952481347
4.384311162879325
4.399365400840317
4.883524774834448
5.455711493757315
4.561416148408494
3.9853244840395736
4.061996068073465
4.58022272475213
4.764392519628528
4.9817857698976695
5.19574984968315
5.326336611530826
5.393034875126637
5.344837973747646
5.383896405094263
5.176458521491037
4.92194584726918
4.818199974809319
4.553624211288553
4.538157036567749
4.159951849009868
4.699947454439521
4.530679290460708
4.425963914303896
4.122554141588584
4.534539351476347
4.664946575602367
4.367308940638347
4.5487228314873
4.522447485922705
4.848802179465863
4.884754608227803
5.166628831230282
5.071150670852754
5.091402525855735
4.939782919915866
4.929710853730874
4.606605792949719
4.6938521487892455
4.864035955148513
5.052541586002941
5.134114549838086
5.121879054107118
5.047972350986754
4.979263264908379
4.986606357724177
4.993536513780161
4.952871219824708
4.9191899432417365
4.828990191880943
4.817212517340202
4.92832841327411
4.984415997519953
4.967413775278976
4.892052816613185
4.6592103453954055
4.662890868689387
4.565222348107636
4.242952137732191
3.4264325334054546
3.737400844202553
3.7740085856485432
4.350504209891193
3.7954453896144646
4.595187193852295
4.829519828159833
4.842527336093928
4.354552785514573
3.9831879851518477
3.40666543025095
4.14294962676889
5.124383605324242
6.572696452164177
7.157540580463907
6.990211423878995
6.922974547118214
6.041893178083395
5.6641278579435745
5.042945294780341
5.083655473166208
4.673779831507922
4.034912802761411
3.5411571375446798
3.646895878714941
4.121028070954494
4.153111461814712
4.261686898987163
3.680280918057178
4.391070758099735
4.731994937755408
4.5884635061762165
4.142581574439491
4.5659135683360175
4.718771984555324
4.905078278319447
4.361249542532403
4.733368401326089
5.119302687801331
5.251182121244943
5.156978678691185
5.120478659878189
5.238919694855728
5.185004517041941
5.020422287598391
4.936488402723449
4.869987630621464
4.895383241349935
4.909521836930473
4.954065145673732
4.892761990613733
4.864565591427402
4.881343391516308
4.911954573058933
4.934459626468717
4.923983600409995
4.931748606871688
4.887824703268148
4.884413486556653
4.848568780427707
4.897618485984572
4.865400441833111
4.91798704050663
4.965259322619085
5.096671957986387
5.149375256178984
5.184887817522863
5.126816341452702
5.058179070462991
4.9094230911835615
4.951542640684441
5.060522037730622
5.120002884915796
4.888031171648055
4.453397278173181
4.40323443874204
4.4633795754973455
5.1566555107922
5.440962469923141
5.533945055969626
5.265500254547138
5.0729640018414965
5.080010857416559
5.080253233340796
5.0040574242692974
5.037729723966186
4.926901088386932
4.883075930530303
4.858272794283303
4.862563745830919
4.879880159084799
4.788648065824474
4.858748569245695
4.953005873115951
5.118216484585302
5.170740245056241
5.2515681273465065
5.13574834310517
4.947296573567239
4.478218368192348
3.7765759750682477
3.5654575681710403
3.3839359546890937
3.9851808538622477
4.114187683759337
4.659551467066556
4.780290584881311
4.832482200567184
4.876765179614038
4.968805192621823
4.995358821654986
5.137211575536679
5.705448464583079
6.217938891054783
5.826690288018476
4.871863799812785
3.921660407939778
4.331580934028479
4.4252367865311815
4.965034900467012
4.470282800895081
3.7209910964430457
3.0010627863681143
3.2559524898054524
4.314856995256071
5.1229024191205665
4.984263390456544
5.427156019127669
4.723260427596765
5.671408112556792
5.202599213764389
5.670241117366018
5.142750314249818
5.2225458546405505
5.056760722461895
5.252097763625397
5.492615472444041
5.723474051837505
5.56635161472883
5.325088824365307
5.1809290107603125
5.057173659221708
5.0064093684230135
5.08964305618349
5.1776793779983095
5.112794445391242
5.049363768329601
4.94262859280414
4.926515082285368
4.964334703352547
4.97814115414802
5.067488101330939
5.057703295500597
5.060809298085275
5.017029024659061
5.014479589011525
4.993976381198222
5.04353776926181
5.052415909597781
5.0810521762021725
5.271469883792256
5.321507046818237
5.462453135205559
5.280716076457622
5.339766033110817
5.200812813433895
5.076725317110224
4.960322035273499
4.975331388804077
4.996157764516362
5.018034435900345
4.982082007138404
4.931937121479428
4.96851793226717
5.135730389333004
5.183640030357343
4.79321730084066
3.866551304276969
3.6188700403641856
3.7888653321157117
4.6193350174152465
4.7810895277426875
5.072012451916711
5.196010179379553
5.329451591001586
5.2612721412021015
5.130469934088435
5.041338432171505
5.043403115970568
5.08129455212641
5.024713239146009
5.031131712695269
5.001391289102682
5.0409434491838585
4.994506017477112
4.994191826464212
4.998572546872658
5.046311627061421
5.054507524055092
5.0843826009389215
5.188281080462192
5.2768829461002325
5.6134353822335425
5.596181807182245
5.777048107980141
5.099643307279821
5.243821074656981
4.6919849564840055
4.846692611236385
4.829834019172734
5.648023324310886
6.539751280240003
6.166007605065314
6.044083538287619
5.62084131325192
5.881233847858063
5.416958276537516
5.12668168816146
5.20151301054836
5.133154023027217
5.0268407611476515
4.899431816973314
4.899692146669718
5.036320352851175
5.091797508843382
5.136385702017055
5.149043111393917
5.078646370731961
5.138369593841372
5.179016934024658
5.20466389756345
5.106797885487877
4.99303380815952
4.707568830723888
5.032711644645857
5.219385990739377
5.575265662609131
5.153091687017297
5.41846639339944
5.876772335474872
5.799759629769831
5.354048258868683
4.742910831232192
4.959217878285305
4.910015565665031
4.933149001100617
4.7394457532042
4.679893090930364
4.608823083812191
4.871522678141636
4.953104618862863
4.975457065209237
5.11674427526771
5.133827289483433
5.154527988790559
4.96309589307311
4.8817204207317895
4.8733808935607925
4.9756455798169785
4.888372293319204
4.8854099209118536
4.767974297175598
4.914369355415229
4.974801752525188
4.986579427065927
4.955178279548009
5.198065886292533
5.770809172152538
5.631784137386953
5.123602616235031
5.055593727271121
5.089445564689667
5.080190395138216
4.256722680983331
4.699166465350311
5.009685931843265
5.174914497084782
5.401087141942981
5.385602013450011
5.796222736653175
5.641407359267802
5.612537693625255
5.387774419882068
5.2382015439690965
5.273534567591317
4.929971183427277
5.115963286178499
5.103269969257305
5.114580845721735
4.893668656108105
5.016517342152338
5.124356674665993
5.367378934701762
5.259898677631421
4.883677381897857
4.608769222495694
4.499412796234032
4.833236258998146
4.849924290226223
5.102722379206249
5.154384358613232
5.172876743943967
5.07540571485604
4.960259197070919
4.879467222324986
4.860113055930293
4.926712573779191
4.972952513992114
4.944612484628457
4.958760057095078
5.017486845849289
5.099768983684981
5.1188987279276015
5.0709172718146
5.089436587803584
5.098009514012736
5.129132378062086
5.138755599942935
5.208102044933195
5.154375381727149
5.0886825293726226
4.720091586809509
4.50295866623677
4.068109327495907
3.700308350908086
3.484126980260134
3.0201566230664043
3.705030192987682
3.4674838334624716
4.049724664798166
3.612316913523682
4.0981818958735605
3.8715334760529676
4.453118994704611
4.6727474896083905
5.539995477189489
5.877131410918187
5.880668304034843
5.46765972913363
4.506154437682276
4.6272526309403474
4.8765856418923805
5.165093783710109
5.06459754401225
5.245329191518905
5.741023864129539
5.637358783644422
6.066310308228831
5.721319599177613
6.727368199372225
5.8264120045499075
6.388670287465106
6.110431703326195
6.265866485851287
5.241370384756354
4.382686346498323
4.032946864709261
3.6481705965387103
3.21831240645993
3.582971472918742
3.3973653762690845
4.342685342113004
4.7617892226644924
5.584368225097173
5.277951195544095
5.841223866586661
6.62171025017671
6.588944615974193
5.91010351350061
4.2655110524584705
3.9923444089563866
2.9986210733535708
3.302748996955513
3.53003477568799
4.757004542382316
4.589002119341189
4.650170621109944
4.348637017585954
5.128486042264118
4.43931254390914
4.4624549562308085
4.669300365352564
5.223201167324602
5.351337239271652
5.187975866335375
5.254485615323444
5.0904599528170325
5.026688154084242
4.9845506508111965
5.041437177918417
5.11562216450735
5.135721412446921
5.078359110377308
5.134114549838086
5.092874735173328
5.141053682780152
5.09250668284393
5.106043827056914
5.127570399883665
5.1073095679946015
5.088260615726727
5.053475182155561
5.057541711551106
5.023294891144913
5.02297172324593
5.037541209358446
5.136601147283044
5.12606228302174
5.076626571363312
5.130200627505949
5.18403501334499
5.009901377109254
4.520319963921063
4.394652535646804
4.108999043603432
3.936104217647134
3.0930040536289867
3.095571443048691
3.573671418936877
4.406026250313816
4.999829310924261
5.057012075272216
5.493091247406433
5.576432657799907
5.519420454287524
5.266227382319853
5.2432106464033446
5.350268989827788
5.194107079529982
5.2861291387656015
5.063780647378708
5.233093695787937
4.863649949046948
5.1817459073938545
5.070208097814051
5.246738562633917
4.762130344335643
5.038833880954381
4.965833843328388
5.108781777312194
5.075333899767378
5.199125158850314
5.162059596214096
5.086043324864255
5.065333648671047
5.051311752609586
4.92612009929772
4.763611530539317
4.615439048855276
4.908345864853616
5.125775022667089
5.388555408971278
5.263749761760977
5.3041277953617785
5.1984249617358484
5.1224625517025055
4.726922997118581
4.806700583737149
4.834726422087904
5.085298243319376
4.959603884386869
5.180282674962345
5.0855765267879445
5.20715049500841
5.130532772291016
5.12674452636404
4.994434202388449
5.021517467700503
5.7866803067470745
5.505982055821451
5.745979105247288
5.019093708458124
5.974638347550447
6.012826020947024
6.361470322633975
5.263300917456833
3.8017022792142328
3.3750219068087923
2.8445956619434902
3.1960497289743834
4.035433462154218
4.9747837987530215
5.170461961587673
4.298186917800161
4.109914685983886
4.140032138791954
4.250079785281998
3.761387083816012
3.0926360012995886
3.616868194767703
3.6669233115658497
4.242916230187857
4.388386669160953
5.074777332830238
5.007549432955539
3.9938255951600623
3.747104858058148
4.209261884263136
5.0332951422412435
4.661858526789856
4.633590312514862
4.523695273088226
5.055656565473701
5.2152835537995
5.0493458145574355
5.046751494479483
4.988787741042317
5.032523130038115
5.104230496068173
5.171817471386188
5.253408388993498
5.279100236962704
5.240481673034148
5.148199284102127
5.090477906589198
5.16886407586492
5.1799864377216105
5.132570525431831
5.173792386324422
5.2249965445411775
4.99499974621167
4.790928194889525
4.689821526938031
5.196512885000195
5.415593789852918
5.348383843750384
4.693897033219659
4.465103137625259
4.695836040613561
5.134428740850986
5.357423568035845
6.310391840822381
6.695859329221313
6.710491653536408
4.984730188532855
4.902636565304903
5.149168787799078
5.556019218847433
6.0229519484485134
4.946443769389364
5.249808657674262
4.308366706618148
4.747767326603031
4.710611995105984
4.68414813493365
4.80215827937921
4.699767916717864
4.60910136728076
4.863353711806213
4.464367032966462
4.94209895652525
4.499583357069606
4.950815512911728
5.006795374524576
5.198810967837412
5.313903624306036
5.494626294926606
5.718967655023898
5.801411376809082
5.753025960822351
5.634782417338635
4.8043306858112675
5.106070757715163
5.073942482424531
5.492103789937317
4.164709598633794
3.6065088682280573
3.6325508147544965
4.625942005572246
4.5155173298667215
4.760604273701551
3.5799372854227287
4.3378108929699986
4.478505628547
5.5071490510122265
5.353383969298549
5.505578095947721
5.316273522231917
5.201306542168454
5.069732322851659
5.135317452573192
5.2231742366663525
5.272960046882013
5.123198656361302
5.163504874873439
5.045548591744377
5.2186498860805814
5.303948257640121
5.441572898176777
5.179115679771571
5.1627777471007255
4.917071398126176
5.078421948579889
4.6099721252308
4.676993556725593
5.1882182422596115
5.440136596403516
5.966909248633085
5.374210345010834
5.100163966672627
5.1059899657404175
5.917222184164336
6.509858249584007
6.090090079462385
5.149034134507834
5.240499626806313
5.6080043661534
5.5723212439739465
5.361490097431391
5.404830503439543
5.638516801949114
5.191710250945853
4.57050075712437
4.764922155907418
5.17328968070378
5.387101153425853
5.3964191611798835
5.453278757628854
5.225589019022648
5.064265399227184
4.966013381050047
5.119536086839487
5.071016017561511
4.909539790702638
4.910275895361435
4.776215078599683
4.797589044363024
5.2001664776359275
5.786222485556846
6.169095653877825
5.808188925801657
5.826349166347326
5.385996996437657
5.9420971355
5.2426451025801235
5.313688179040047
4.024463707360938
4.625080224508291
4.238948446539226
5.390530323909512
4.85620811048424
5.21799457339653
4.380702454674006
4.677559100548815
4.464295217877799
4.877492307386753
4.813864138831288
4.324866223238484
3.5595148695841727
3.3631903709515547
4.263455345545491
5.207195379438824
5.821887653964135
6.083132992748151
5.990877534474379
6.1290946494925045
5.925355242955427
5.837408690001436
5.6361289502510665
5.0942571756300925
5.020960900763364
5.0490944617471145
5.164079395582744
5.0955947316564405
4.912268764071834
4.864798990465558
4.970860899534802
5.448099094359032
5.873046927750475
6.471167870566789
5.819616501785166
5.414965407827116
5.253022382891934
5.417613589221567
5.584529809046664
4.597961051651905
4.133066075191638
3.8419636132959565
4.140498936868264
5.29223342130196
4.826324056714327
4.8262342878535
4.390927127922409
4.572924516366748
4.81866677288563
4.804088309887029
4.7263125688649446
4.874889010422717
4.698538083324509
4.498847252410811
3.7488284201860607
4.04406922656595
4.275062459250657
4.987432231243801
4.924441421600222
4.922197200079502
4.892636314208573
4.745693665917885
4.8404446985227
4.7959462742098555
4.794402249803601
4.9152760209096
4.888219686255795
4.9594692310956265
4.923076934915624
4.798172541958412
4.612638260397416
4.164835275038954
4.108415546008045
4.110327622743699
4.41990451619795
4.074572685475582
3.1048714970305564
3.128732060238855
3.7472036038050596
5.2760660494666904
5.65389420780909
5.366310685257898
4.7174882898454715
4.14051689064043
4.341913329909876
4.824187557826602
4.913696088959013
5.558272417254236
5.17905284156899
5.353294200437721
5.162562301834737
5.0835477505332145
5.043151763160247
4.9757263717917235
5.046688656276903
5.01088883457837
5.0175766147101175
4.979362010655291
4.994721462743101
4.9093602529809806
4.84891887898494
4.687245160632244
4.722362738988477
4.584118693312102
4.491154061037781
4.27049322423447
4.4507131892344
4.219342927334212
4.492653201013622
3.7976985880212677
3.8961480976922287
3.3818892246621965
3.778299537196161
3.812788733526591
4.310108222518227
4.74037934935682
5.198703245204419
5.183702868559923
5.493028409203855
5.018169089191589
4.889988132814124
4.784716189720172
5.224664399756111
5.078278318402562
5.1675983349272325
5.019973443294247
5.0201978654463195
5.009344810172116
5.102857032497492
5.157822505982976
5.3419294626567915
5.357423568035845
5.1229024191205665
4.7857216009614545
4.735047079023588
4.7753712513078925
4.828020688183992
4.593840660939863
4.067157777571121
3.543266705774157
3.4063602161241318
3.565547337031869
4.091251739817576
4.645753993157166
5.230256999785746
5.24715149939373
5.0227742317521065
4.892905620791059
4.4825093197399655
4.29024237361681
3.952926902166455
3.993969225337389
4.056367560499497
4.134789637319551
4.904719202876132
4.544440856825766
5.35818660335289
5.361947918621618
6.390465664681683
6.268380013954495
6.008876191070557
